0   0   0   0   0   0   0   0   0   0   0   0   0   0   0   0   0   0   0   0   0   0   153 175 174 0   0   0   0   0   0   0   0   0   0   0   0   
0   0   0   0   0   0   0   0   0   0   0   0   0   0   0   0   0   0   0   0   0   157 254 252 254 254 255 191 0   0   0   0   0   0   0   0   0   
0   0   0   0   0   0   0   0   0   0   0   0   0   0   0   0   0   0   0   0   0   0   144 0   143 181 246 254 227 0   0   0   0   0   0   0   0   
0   0   0   0   0   0   0   0   0   0   0   0   0   0   0   0   0   0   0   0   0   0   0   0   0   0   0   235 250 226 0   0   0   0   0   0   0   
0   0   0   0   0   0   0   0   0   0   0   0   236 246 255 255 154 0   0   0   0   0   0   190 183 0   0   0   223 255 0   0   0   0   0   0   0   
0   0   0   0   0   0   0   0   0   0   242 255 253 255 249 254 253 0   0   0   0   0   151 248 247 255 155 0   0   247 226 0   0   0   0   0   0   
0   0   0   0   0   0   0   0   141 247 253 250 255 250 255 251 243 0   0   0   0   0   0   0   0   226 242 0   0   255 255 0   0   0   0   0   0   
0   0   0   0   0   0   0   153 255 255 254 255 253 252 255 255 183 0   149 232 242 255 242 0   0   0   253 0   0   241 255 0   0   0   0   0   0   
0   0   0   0   0   0   150 254 254 255 243 254 252 255 252 253 254 254 254 255 255 253 255 255 0   0   253 0   0   242 255 0   0   0   0   0   0   
0   0   0   0   0   0   255 255 251 253 255 255 250 255 252 250 255 254 254 250 255 255 254 253 0   0   154 0   0   253 254 0   0   0   0   0   0   
0   0   0   0   0   241 255 255 255 252 255 220 167 0   0   0   144 166 235 252 255 251 255 226 0   0   0   0   0   203 164 0   0   0   0   0   0   
0   0   0   0   217 250 255 249 255 174 0   0   0   0   0   0   0   0   0   0   214 255 253 241 0   0   0   0   0   0   0   0   0   0   0   0   0   
0   0   0   0   248 255 249 224 0   0   0   0   0   0   0   0   0   0   0   0   0   178 251 255 250 240 0   0   0   0   0   0   0   0   0   0   0   
0   0   0   180 255 247 240 0   0   0   0   155 252 255 248 247 0   0   0   0   0   0   205 250 255 255 245 0   0   0   0   0   0   0   0   0   0   
0   0   0   241 255 255 0   0   0   0   206 255 254 253 254 251 255 163 0   0   0   0   0   255 250 249 255 145 0   0   0   0   0   0   0   0   0   
0   0   0   249 255 200 0   0   0   142 255 248 249 249 0   245 255 253 0   0   0   0   0   253 255 255 252 169 0   0   0   0   0   0   0   0   0   
0   0   0   252 255 168 0   0   0   201 252 0   0   148 142 247 249 255 0   0   0   0   0   255 253 255 253 0   0   0   0   0   0   0   0   0   0   
0   0   0   221 250 190 0   0   0   207 174 0   0   0   255 255 255 248 0   0   0   0   152 249 255 248 254 0   0   0   0   0   0   0   0   0   0   
0   0   0   0   249 255 0   0   0   145 228 0   0   195 254 249 255 0   0   0   0   0   245 255 255 255 0   0   0   0   0   0   0   0   0   0   0   
0   0   0   0   199 253 218 0   0   0   206 255 246 255 251 252 0   0   0   0   0   248 255 249 253 163 0   0   0   0   0   0   0   0   0   0   0   
0   0   0   0   0   176 251 214 0   0   0   0   153 163 0   0   0   0   0   159 254 254 254 254 141 0   0   0   0   0   0   0   0   0   0   0   0   
0   0   0   0   0   0   0   232 252 223 144 0   0   0   0   0   0   204 255 251 255 252 194 0   0   0   0   0   0   0   0   0   0   0   0   0   0   
0   0   0   0   0   0   0   0   0   174 238 247 255 255 251 249 255 248 252 214 145 0   0   0   0   0   0   0   0   0   0   0   0   0   0   0   0   
0   0   0   0   0   0   0   0   0   0   0   0   0   0   0   0   0   0   0   0   0   0   0   0   0   0   0   0   0   0   0   0   0   0   0   0   0   
0   0   0   0   0   0   0   0   0   0   0   0   0   0   0   0   0   0   0   0   0   0   0   0   0   0   0   0   0   0   0   0   0   0   0   0   0   
0   0   0   0   0   0   0   0   0   0   0   0   0   0   0   0   0   0   0   0   0   0   0   0   0   0   0   0   0   0   0   0   0   0   0   0   0   
