0   0   0   0   0   0   0   0   0   0   0   0   0   0   0   0   0   0   0   0   0   0   254 252 254 254 255 191  0  0   0   0   0   0   0   0   0   0   0   0   0   0   0   0   0   0   0   0   0   0   0   0   0   0   0   0
0   0   0   0   0   0   0   0   0   0   0   0   0   0   0   0   0   0   0   0   0   0   144 129 143 181 246 254 227 0   0   0   0   0   0   0   0   0   0   0   0   0   0   0   0   0   0   0   0   0   0   0   0   0   0   0
0   0   0   0   0   0   0   0   0   0   0   0   0   0   0   0   0   0   0   0   0   0   0   0   0   0   0   235 250 226 0   0   0   0   0   0   0   0   0   0   0   131 180 215 235 240 228 209 189 144 0   0   0   0   0   0
0   0   0   0   0   0   0   0   0   0   0   133 236 246 255 255 154 0   0   0   0   0   0   190 183 0   0   0   223 255 0   0   0   0   0   0   0   0   0   0   182 236 241 216 202 180 198 216 232 238 193 0   0   0   0   0
0   0   0   0   0   0   0   0   0   0   242 255 253 255 249 254 253 0   0   0   0   0   151 248 247 255 155 0   0   247 226 0   0   0   0   0   0   0   0   205 232 184 0   0   0   0   0   0   0   142 207 201 0   0   0   0
0   0   0   0   0   0   0   0   141 247 253 250 255 250 255 251 243 0   0   0   0   0   0   0   0   226 242 0   0   255 255 0   0   0   0   0   0   0   185 223 138 0   0   193 224 229 208 150 193 133 0   207 158 0   0   0
0   0   0   0   0   0   0   153 255 255 254 255 253 252 255 255 183 0   149 232 242 255 242 0   0   0   253 0   0   241 255 0   0   0   0   0   0   138 238 142 0   0   229 235 209 187 223 241 239 0   0   134 213 0   0   0
0   0   0   0   0   0   150 254 254 255 243 254 252 255 252 253 254 254 254 255 255 253 255 255 0   0   253 0   0   242 255 0   0   0   0   0   0   177 189 0   0   222 239 155 0   0   0   234 217 0   0   0   230 0   0   0
0   0   0   0   0   0   255 255 251 253 255 255 250 255 252 250 255 254 254 250 255 255 254 253 0   0   154 0   0   253 254 0   0   0   0   0   0   217 145 0   151 236 189 0   0   0   132 240 178 0   0   0   236 0   0   0
0   0   0   0   0   241 255 255 255 252 255 220 167 133 129 0   144 166 235 252 255 251 255 226 0   0   0   0   0   203 164 0   0   0   0   0   0   225 0   0   186 244 135 0   0   0   180 241 130 0   0   137 233 0   0   0
0   0   0   0   217 250 255 249 255 174 0   0   0   0   0   0   0   0   0   0   214 255 253 241 130 0   0   0   0   0   0   0   0   0   0   0   0   242 0   0   211 232 0   0   0   0   228 218 0   0   0   179 205 0   0   0
0   0   0   0   248 255 249 224 0   0   0   0   0   0   0   0   0   0   0   0   0   178 251 255 250 240 0   0   0   0   0   0   0   0   0   0   0   227 132 0   205 244 0   0   0   135 236 170 0   0   0   235 157 0   0   0
0   0   0   180 255 247 240 0   0   0   0   155 252 255 248 247 140 0   0   0   0   0   205 250 255 255 245 0   0   0   0   0   0   0   0   0   0   208 155 0   181 239 191 0   0   221 241 159 0   129 236 201 0   0   0   0
0   0   0   241 255 255 0   0   0   0   206 255 254 253 254 251 255 163 0   0   0   0   0   255 250 249 255 145 0   0   0   0   0   0   0   0   0   165 215 0   0   227 240 239 235 237 217 232 223 242 205 0   0   0   0   0
0   0   0   249 255 200 0   0   0   142 255 248 249 249 129 245 255 253 0   0   0   0   0   253 255 255 252 169 0   0   0   0   0   0   0   0   0   0   226 181 0   0   159 176 162 0   0   177 173 129 0   0   0   0   0   0
0   0   0   252 255 168 0   0   0   201 252 0   0   148 142 247 249 255 0   0   0   0   0   255 253 255 253 133 0   0   0   0   0   0   0   0   0   0   137 234 209 135 0   0   0   0   0   0   0   138 180 216 0   0   0   0
0   0   0   221 250 190 0   0   0   207 174 0   0   0   255 255 255 248 0   0   0   0   152 249 255 248 254 0   0   0   0   0   0   0   0   0   0   0   0   134 224 234 229 198 183 189 190 203 233 241 194 0   0   0   0   0
0   0   0   131 249 255 0   0   0   145 228 0   0   195 254 249 255 136 0   0   0   0   245 255 255 255 132 0   0   0   0   0   0   0   0   0   0   0   0   0   0   152 195 225 232 237 226 207 171 133 0   0   0   0   0   0
0   0   0   0   199 253 218 0   0   0   206 255 246 255 251 252 134 0   0   0   0   248 255 249 253 163 0   0   0   0   0   0   0   0   0   0   0   0   0   0   0   0   0   0   0   0   0   0   0   0   0   0   0   0   0   0
0   0   0   0   0   176 251 214 0   0   0   0   153 163 134 0   0   0   0   159 254 254 254 254 141 0   0   0   0   0   0   0   0   0   0   0   0   0   0   0   0   0   0   0   0   0   0   0   0   0   0   0   0   0   0   0
0   0   0   0   0   0   0   232 252 223 144 0   0   0   0   0   132 204 255 251 255 252 194 0   0   0   0   0   0   0   0   0   0   0   0   0   0   0   0   0   0   0   0   0   0   0   0   0   0   0   0   0   0   0   0   0
0   0   0   0   0   0   0   0   0   174 238 247 255 255 251 249 255 248 252 214 145 0   0   0   0   0   0   0   0   0   0   0   0   0   0   0   0   0   0   0   0   0   0   0   0   0   0   0   0   0   0   0   0   0   0   0
0   0   0   0   0   0   0   0   0   0   0   0   0   0   0   0   0   0   0   0   0   0   0   0   0   0   0   0   0   0   0   0   0   0   0   0   0   0   0   0   0   0   0   0   0   0   0   0   0   0   0   0   0   0   0   0
0   0   0   0   0   0   0   0   0   0   0   0   0   0   0   0   0   0   0   0   0   0   0   0   0   0   0   0   0   0   0   0   0   0   0   0   0   0   0   0   0   0   0   0   0   0   0   0   0   0   0   0   0   0   0   0
0   0   0   0   0   0   0   0   0   0   0   0   0   0   0   0   0   0   0   0   0   0   0   0   0   0   0   0   0   0   0   0   0   0   0   0   0   0   0   0   0   0   0   0   0   0   0   0   0   0   0   0   0   0   0   0
